' action_08
'== shoot motion ================================

DIM A AS BYTE

PTP SETON 				
PTP ALLON				

'== motor diretion setting ======================
DIR G6A,1,0,0,1,0,0		
DIR G6B,1,1,1,1,1,1		
DIR G6C,0,0,0,0,0,0		
DIR G6D,0,1,1,0,1,0		

'== motor start position read ===================
GETMOTORSET G6A,1,1,1,1,1,0
GETMOTORSET G6B,1,1,1,0,0,0
GETMOTORSET G6C,1,1,1,0,0,0
GETMOTORSET G6D,1,1,1,1,1,0

	SPEED 5

'== motor power on  =============================
	MOTOR G24	

	GOSUB standard_pose

'================================================
MAIN:    	
		
A = REMOCON(1)	
	IF A <> 8 THEN GOTO main

	GOSUB right_shoot
	GOSUB standard_pose
	DELAY 500
	GOSUB left_shoot
	GOSUB standard_pose	
	DELAY 500
	
GOTO MAIN

'================================================
right_shoot:
	SPEED 4
MOVE G6A,112,  56, 180,  79, 104, 100
MOVE G6D, 70,  56, 180,  79, 102, 100
MOVE G6B,110,  45,  70, 100, 100, 100
MOVE G6C, 90,  45,  70, 100, 100, 100
WAIT

right_shoot1:
	SPEED 6
MOVE G6A,115,  60, 180,  79,  95,  100
MOVE G6D, 90,  90, 127,  65, 116,  100
MOVE G6B, 80,  45,  70, 100, 100, 100
MOVE G6C,120,  45,  70, 100, 100, 100
WAIT

	SPEED 15
	HIGHSPEED SETON
	
right_shoot2:
MOVE G6A,115,  52, 180,  79,  95,  100
MOVE G6D, 90,  90, 127, 147, 116,  100
MOVE G6B,140,  45,  70, 100, 100, 100
MOVE G6C, 60,  45,  70, 100, 100, 100
WAIT

	DELAY 500
	HIGHSPEED SETOFF

right_shoot3:
	SPEED 5
MOVE G6A,115,  76, 145,  93, 102, 100
MOVE G6D, 70,  76, 145,  93, 104, 100
MOVE G6B,110,  45,  70, 100, 100, 100
MOVE G6C, 90,  45,  70, 100, 100, 100
WAIT
RETURN	

'================================================
left_shoot:
	SPEED 4
MOVE G6A, 70,  56, 180,  79, 102, 100
MOVE G6D,112,  56, 180,  79, 104, 100
MOVE G6B, 90,  45,  70, 100, 100, 100
MOVE G6C,110,  45,  70, 100, 100, 100
WAIT

left_shoot1:
	SPEED 6
MOVE G6A, 90,  90, 127,  65, 116,  100
MOVE G6D,115,  60, 180,  79,  95,  100
MOVE G6B,140,  45,  70, 100, 100, 100
MOVE G6C, 60,  45,  70, 100, 100, 100
WAIT

	SPEED 15
	HIGHSPEED SETON
	
left_shoot2:
MOVE G6A, 90,  90, 127, 147, 116,  100
MOVE G6D,115,  52, 180,  79,  95,  100
MOVE G6B, 60,  45,  70, 100, 100, 100
MOVE G6C,140,  45,  70, 100, 100, 100
WAIT

	DELAY 500
	HIGHSPEED SETOFF

left_shoot3:
	SPEED 5
MOVE G6A, 70,  76, 145,  93, 104, 100
MOVE G6D,115,  76, 145,  93, 102, 100
MOVE G6B, 90,  45,  70, 100, 100, 100
MOVE G6C,110,  45,  70, 100, 100, 100
WAIT
RETURN
'================================================
standard_pose:

	SPEED 4
	MOVE G6A,100,  76, 145,  93, 100, 100 
	MOVE G6D,100,  76, 145,  93, 100, 100  
	MOVE G6B,100,  30,  80, 100, 100, 100
	MOVE G6C,100,  30,  80, 100, 100, 100
	WAIT
	
	RETURN
'================================================